"V1"
-0.0951880149638404
2.15547992358912
1.0739176910698
0.238374749851866
-0.60610250706208
1.18755221306199
0.310157898500393
-0.100578920541964
0.78672563779408
0.314389770165772
0.813855286086951
1.23540291856128
0.795024312369173
0.552671611556451
-0.0264059888441601
1.24921348228752
0.834696073465556
0.388614294218187
0.4793090814592
0.448423090911715
0.314867015555473
-0.17359569352096
-0.30311755068112
0.194649415561209
0.793371912768251
0.28524738678912
0.590341791156053
-0.18832695777472
2.3956150422648
0.215848682710865
0.544674151956744
0.45547925100848
-2.02168518081008
0.309581462105179
1.44107946321792
0.96345038854448
0.773071672301551
0.17285300331936
0.6602398917832
0.22511460756064
0.345368522753463
-0.45947810658976
0.58653009448816
0.888883077660427
NA
